==== SUP R=4.0: Psi/d values ====
  b=0.050: -290.049 -204.362 -121.037 -66.111 -27.461 +6.515 +41.151 +52.441
  b=0.139: -404.389 -281.081 -173.724 -108.712 -68.351 -38.338 -5.901 +45.392
  b=0.228: -141.486 -130.345 -110.874 -88.732 -68.016 -49.738 -32.147 -10.855
  b=0.317: -18.462 -18.828 -19.512 -20.373 -21.132 -21.371 -20.668 -18.866
  b=0.406: +14.324 +14.884 +15.992 +17.652 +19.734 +21.606 +21.299 +14.836
  b=0.494: +27.087 +27.971 +29.657 +32.209 +35.646 +39.746 +43.567 +44.587
  b=0.583: +35.356 +36.168 +37.591 +39.611 +42.149 +44.976 +47.562 +48.912
  b=0.672: +41.840 +42.309 +43.034 +43.950 +44.946 +45.847 +46.393 +46.244
  b=0.761: +44.988 +44.974 +44.923 +44.797 +44.549 +44.120 +43.444 +42.457
  b=0.850: +39.889 +39.618 +39.265 +38.829 +38.307 +37.697 +36.999 +36.211

==== INF R=4.0: Psi/d values ====
  b=0.050: -20.776 -18.688 -13.728 -6.370 +0.316 +3.525 +3.733 +2.438
  b=0.139: -60.252 -57.550 -48.540 -26.681 -0.399 +10.610 +11.021 +8.329
  b=0.228: -108.833 -105.987 -96.405 -63.297 -6.159 +18.699 +19.848 +15.794
  b=0.317: -176.297 -170.752 -158.401 -117.714 -25.848 +25.313 +30.811 +25.822
  b=0.406: -271.486 -257.570 -233.619 -180.399 -69.685 +17.736 +39.876 +38.183
  b=0.494: -385.927 -353.705 -301.685 -223.673 -119.536 -26.857 +23.097 +39.881
  b=0.583: -428.946 -372.456 -291.958 -205.924 -130.194 -72.438 -31.834 -4.379
  b=0.672: -87.080 -85.112 -80.173 -72.613 -63.783 -54.942 -46.858 -39.857
  b=0.761: +877.131 +674.637 +486.061 +335.734 +223.997 +143.543 +86.393 +45.915
  b=0.850: +1181.375 +1115.662 +1035.263 +944.261 +847.379 +749.238 +653.721 +563.648
